3671251476783664
388014421150539437
139241812942305733
296211967931469283
363724763021325824
385337536563482711
208308641055171074
455123602977254591
208308641055171074
316831286352892003
487404379027281485
321716853402205210
445054343568014697
501077198262736464
148412892375125626
65165516989345880
192878817283726986
403472734457899295
118570028639235671
282245947752813862
161808896551838776
391218342992052048
299485656608194022
458629956861032581
5662119401589755
441708133827618386
110878501284377327
253952799117743544
495989761596281338
110528040224925385
286316856560588604
484986591279054801
342457866